{
 "cells": [
  {
   "cell_type": "code",
   "execution_count": 53,
   "id": "bf9ab9bc-a321-4127-bc22-100ab8cf2d00",
   "metadata": {},
   "outputs": [],
   "source": [
    "import numpy as np"
   ]
  },
  {
   "cell_type": "code",
   "execution_count": 54,
   "id": "8b0c4c3a-3ff9-42b2-b3eb-f389af98a591",
   "metadata": {},
   "outputs": [
    {
     "name": "stdout",
     "output_type": "stream",
     "text": [
      "Random 10x10 Matrix A:\n",
      "[[0.98111619 0.03225002 0.91296644 0.97376788 0.93677371 0.91818533\n",
      "  0.86098802 0.46772554 0.13465316 0.06316144]\n",
      " [0.38120008 0.26045228 0.091819   0.24193422 0.69584936 0.35390193\n",
      "  0.49763686 0.96113741 0.47011719 0.59901144]\n",
      " [0.08977827 0.18303875 0.73922453 0.91879013 0.00157749 0.12530819\n",
      "  0.98370455 0.79173365 0.72262677 0.4725534 ]\n",
      " [0.50065542 0.93990639 0.08776578 0.06008322 0.37766752 0.78335248\n",
      "  0.64605652 0.01586882 0.7988971  0.08789932]\n",
      " [0.28556066 0.22715969 0.03573578 0.79975483 0.34001278 0.09409613\n",
      "  0.98072596 0.00785681 0.74920926 0.66824758]\n",
      " [0.09279125 0.99184708 0.08846934 0.76512672 0.66116573 0.21327801\n",
      "  0.64464393 0.24355625 0.29487435 0.99869784]\n",
      " [0.70732595 0.26441883 0.20384788 0.58420997 0.36365319 0.78757866\n",
      "  0.95184626 0.99651206 0.66570073 0.87613294]\n",
      " [0.96467426 0.97705014 0.63600481 0.67580013 0.16473348 0.80502675\n",
      "  0.10082007 0.17877406 0.97207974 0.36838522]\n",
      " [0.84219839 0.94665315 0.21886077 0.50881899 0.32909086 0.06213149\n",
      "  0.5016142  0.90880649 0.05638442 0.87487641]\n",
      " [0.97113012 0.6042988  0.65061008 0.24716403 0.78301914 0.80254306\n",
      "  0.09572124 0.79551897 0.84323896 0.57987709]]\n"
     ]
    }
   ],
   "source": [
    "random_matrix_A = np.random.rand(10,10)\n",
    "print(\"Random 10x10 Matrix A:\")\n",
    "print(random_matrix_A)"
   ]
  },
  {
   "cell_type": "code",
   "execution_count": 55,
   "id": "8e363439-e1d9-4916-b5c9-ab6ecccc996a",
   "metadata": {},
   "outputs": [
    {
     "name": "stdout",
     "output_type": "stream",
     "text": [
      "Random 10x10 Matrix B:\n",
      "[[0.55207673 0.82979829 0.63228269 0.27961153 0.161509   0.93869713\n",
      "  0.07230449 0.61723333 0.71668191 0.44426187]\n",
      " [0.50231828 0.11130603 0.38208402 0.81199062 0.77329168 0.47243583\n",
      "  0.45929298 0.19974896 0.66578106 0.99282559]\n",
      " [0.99183666 0.72116223 0.38229685 0.17778537 0.52742314 0.96919757\n",
      "  0.76305973 0.77949859 0.23359263 0.21049779]\n",
      " [0.83019958 0.62143625 0.46275217 0.6434086  0.72469133 0.09458917\n",
      "  0.62834548 0.59762253 0.3539877  0.38568059]\n",
      " [0.57397264 0.50656204 0.33094458 0.06949998 0.81989865 0.03532594\n",
      "  0.20435319 0.81340129 0.79990785 0.59799997]\n",
      " [0.67268459 0.64777585 0.84206363 0.73634416 0.33505266 0.015329\n",
      "  0.74835177 0.05123711 0.77941111 0.65433827]\n",
      " [0.81162093 0.32943614 0.54939784 0.37935549 0.37287101 0.72769505\n",
      "  0.48755947 0.14258311 0.71691049 0.86640185]\n",
      " [0.35435676 0.98493021 0.93506839 0.35397201 0.1257106  0.35281606\n",
      "  0.44210204 0.73205119 0.18670955 0.97625163]\n",
      " [0.65373268 0.51809221 0.47890904 0.00155026 0.14838817 0.52006163\n",
      "  0.25989604 0.41981149 0.93333896 0.15123202]\n",
      " [0.63456379 0.63675469 0.83044393 0.64558495 0.19566357 0.28535792\n",
      "  0.98046938 0.63016755 0.95346089 0.90186896]]\n"
     ]
    }
   ],
   "source": [
    "random_matrix_B = np.random.rand(10,10)\n",
    "print(\"Random 10x10 Matrix B:\")\n",
    "print(random_matrix_B)"
   ]
  },
  {
   "cell_type": "markdown",
   "id": "874e7875-770d-4a5f-a090-2c1cdfd28c36",
   "metadata": {},
   "source": [
    "### Matrix Addition"
   ]
  },
  {
   "cell_type": "code",
   "execution_count": 57,
   "id": "4b2aff69-4643-42d3-8e9c-9c755afd562d",
   "metadata": {},
   "outputs": [
    {
     "name": "stdout",
     "output_type": "stream",
     "text": [
      "\n",
      "A + B: \n",
      "[[1.53319292 0.86204831 1.54524913 1.25337941 1.09828271 1.85688246\n",
      "  0.93329251 1.08495887 0.85133507 0.50742331]\n",
      " [0.88351836 0.37175832 0.47390302 1.05392483 1.46914103 0.82633776\n",
      "  0.95692984 1.16088637 1.13589825 1.59183703]\n",
      " [1.08161493 0.90420098 1.12152139 1.0965755  0.52900063 1.09450577\n",
      "  1.74676428 1.57123223 0.9562194  0.68305119]\n",
      " [1.330855   1.56134264 0.55051795 0.70349181 1.10235885 0.87794166\n",
      "  1.274402   0.61349135 1.1528848  0.47357991]\n",
      " [0.8595333  0.73372173 0.36668036 0.86925481 1.15991143 0.12942207\n",
      "  1.18507915 0.82125809 1.54911711 1.26624755]\n",
      " [0.76547584 1.63962293 0.93053297 1.50147089 0.99621839 0.22860702\n",
      "  1.3929957  0.29479335 1.07428546 1.6530361 ]\n",
      " [1.51894688 0.59385497 0.75324571 0.96356545 0.73652421 1.51527372\n",
      "  1.43940574 1.13909517 1.38261122 1.74253479]\n",
      " [1.31903102 1.96198036 1.5710732  1.02977214 0.29044409 1.15784281\n",
      "  0.5429221  0.91082525 1.15878929 1.34463685]\n",
      " [1.49593107 1.46474536 0.69776981 0.51036924 0.47747903 0.58219311\n",
      "  0.76151024 1.32861797 0.98972338 1.02610843]\n",
      " [1.60569391 1.24105349 1.48105401 0.89274898 0.97868271 1.08790098\n",
      "  1.07619062 1.42568652 1.79669985 1.48174606]]\n"
     ]
    }
   ],
   "source": [
    "addition_result = random_matrix_A + random_matrix_B\n",
    "print(\"\\nA + B: \")\n",
    "print(addition_result)"
   ]
  },
  {
   "cell_type": "markdown",
   "id": "d2852282-88b8-4477-84d3-48e35b0cfd2d",
   "metadata": {},
   "source": [
    "### Matrix Subtraction"
   ]
  },
  {
   "cell_type": "code",
   "execution_count": 59,
   "id": "a1564e97-da6b-4734-bfbb-a3e9d19f7670",
   "metadata": {},
   "outputs": [
    {
     "name": "stdout",
     "output_type": "stream",
     "text": [
      "\n",
      "A - B: \n",
      "[[ 0.42903946 -0.79754828  0.28068376  0.69415634  0.77526471 -0.0205118\n",
      "   0.78868353 -0.14950779 -0.58202875 -0.38110043]\n",
      " [-0.1211182   0.14914625 -0.29026502 -0.5700564  -0.07744232 -0.11853391\n",
      "   0.03834389  0.76138846 -0.19566387 -0.39381415]\n",
      " [-0.90205839 -0.53812348  0.35692768  0.74100476 -0.52584565 -0.84388938\n",
      "   0.22064482  0.01223506  0.48903414  0.26205561]\n",
      " [-0.32954417  0.31847014 -0.37498639 -0.58332538 -0.3470238   0.68876331\n",
      "   0.01771104 -0.58175371  0.4449094  -0.29778127]\n",
      " [-0.28841198 -0.27940235 -0.2952088   0.73025486 -0.47988587  0.05877019\n",
      "   0.77637276 -0.80554448 -0.0506986   0.0702476 ]\n",
      " [-0.57989334  0.34407123 -0.7535943   0.02878256  0.32611307  0.19794901\n",
      "  -0.10370783  0.19231914 -0.48453676  0.34435957]\n",
      " [-0.10429498 -0.06501731 -0.34554996  0.20485448 -0.00921782  0.05988361\n",
      "   0.46428679  0.85392894 -0.05120976  0.00973108]\n",
      " [ 0.6103175  -0.00788007 -0.29906358  0.32182811  0.03902288  0.45221068\n",
      "  -0.34128197 -0.55327714  0.78537019 -0.60786641]\n",
      " [ 0.1884657   0.42856093 -0.26004827  0.50726873  0.1807027  -0.45793014\n",
      "   0.24171816  0.488995   -0.87695454  0.72364439]\n",
      " [ 0.33656633 -0.03245589 -0.17983386 -0.39842092  0.58735556  0.51718515\n",
      "  -0.88474813  0.16535142 -0.11022194 -0.32199187]]\n"
     ]
    }
   ],
   "source": [
    "subtraction_result = random_matrix_A - random_matrix_B\n",
    "print(\"\\nA - B: \")\n",
    "print(subtraction_result)"
   ]
  },
  {
   "cell_type": "markdown",
   "id": "2470b46d-6365-4724-abbd-48ad40792c33",
   "metadata": {},
   "source": [
    "### Matrix Multiplication"
   ]
  },
  {
   "cell_type": "code",
   "execution_count": 61,
   "id": "55738f10-89bf-4c8e-a977-e3979bb7164a",
   "metadata": {},
   "outputs": [
    {
     "name": "stdout",
     "output_type": "stream",
     "text": [
      "\n",
      "A * B:\n",
      "[[4.4197628  4.0048607  3.54281202 2.36373407 2.85847332 2.83993642\n",
      "  2.99630915 3.27613192 3.63803942 3.47653304]\n",
      " [2.70258761 2.87919241 2.91061269 1.71545311 1.66917372 1.73941519\n",
      "  2.15335255 2.43700483 2.93227112 3.16905492]\n",
      " [3.57389709 3.06007031 2.95978815 1.94830805 1.9210589  2.48191806\n",
      "  2.80682036 2.54599772 2.76112169 2.97519281]\n",
      " [2.7372018  2.01777708 2.34702982 1.86919782 1.84826326 1.94639373\n",
      "  1.85183576 1.4429299  3.23458346 2.71098436]\n",
      " [2.94220321 2.16269494 2.30276002 1.68553495 1.73910522 1.79587635\n",
      "  2.12621928 1.89004915 3.03363801 2.5066134 ]\n",
      " [3.23138449 2.44070517 2.77641597 2.51829345 2.50681473 1.73380352\n",
      "  2.78305552 2.35368335 3.44853228 3.61618687]\n",
      " [4.06584598 4.01865677 4.18121398 2.71028756 2.16203488 2.70708991\n",
      "  3.2955981  3.03038234 4.16725967 4.26615542]\n",
      " [3.86572951 3.34028229 3.26555143 2.55606186 2.41772095 2.8127314\n",
      "  2.80657741 2.6509554  3.85305401 3.15952334]\n",
      " [3.13184633 3.13186269 3.25348566 2.51594918 2.12370126 2.47526801\n",
      "  2.61494636 2.76627975 3.19284189 3.91315505]\n",
      " [3.95828175 4.03359181 3.82479567 2.37585926 2.4315848  2.84533778\n",
      "  2.94619954 3.36844109 4.14671942 3.76711544]]\n"
     ]
    }
   ],
   "source": [
    "multiplication_result = (random_matrix_A@random_matrix_B)\n",
    "print(\"\\nA * B:\")\n",
    "print(multiplication_result)"
   ]
  },
  {
   "cell_type": "markdown",
   "id": "e66af40c-0a17-4e99-97ba-44c5ad54882f",
   "metadata": {},
   "source": [
    "### Transpose of a Matrix"
   ]
  },
  {
   "cell_type": "code",
   "execution_count": 63,
   "id": "c9b35edc-caff-4aa8-99a3-6a7e22745a12",
   "metadata": {},
   "outputs": [
    {
     "name": "stdout",
     "output_type": "stream",
     "text": [
      "\n",
      "Transpose of Matrix A:\n",
      "[[0.98111619 0.38120008 0.08977827 0.50065542 0.28556066 0.09279125\n",
      "  0.70732595 0.96467426 0.84219839 0.97113012]\n",
      " [0.03225002 0.26045228 0.18303875 0.93990639 0.22715969 0.99184708\n",
      "  0.26441883 0.97705014 0.94665315 0.6042988 ]\n",
      " [0.91296644 0.091819   0.73922453 0.08776578 0.03573578 0.08846934\n",
      "  0.20384788 0.63600481 0.21886077 0.65061008]\n",
      " [0.97376788 0.24193422 0.91879013 0.06008322 0.79975483 0.76512672\n",
      "  0.58420997 0.67580013 0.50881899 0.24716403]\n",
      " [0.93677371 0.69584936 0.00157749 0.37766752 0.34001278 0.66116573\n",
      "  0.36365319 0.16473348 0.32909086 0.78301914]\n",
      " [0.91818533 0.35390193 0.12530819 0.78335248 0.09409613 0.21327801\n",
      "  0.78757866 0.80502675 0.06213149 0.80254306]\n",
      " [0.86098802 0.49763686 0.98370455 0.64605652 0.98072596 0.64464393\n",
      "  0.95184626 0.10082007 0.5016142  0.09572124]\n",
      " [0.46772554 0.96113741 0.79173365 0.01586882 0.00785681 0.24355625\n",
      "  0.99651206 0.17877406 0.90880649 0.79551897]\n",
      " [0.13465316 0.47011719 0.72262677 0.7988971  0.74920926 0.29487435\n",
      "  0.66570073 0.97207974 0.05638442 0.84323896]\n",
      " [0.06316144 0.59901144 0.4725534  0.08789932 0.66824758 0.99869784\n",
      "  0.87613294 0.36838522 0.87487641 0.57987709]]\n",
      "\n",
      "Transpose of Matrix B:\n",
      "[[0.55207673 0.50231828 0.99183666 0.83019958 0.57397264 0.67268459\n",
      "  0.81162093 0.35435676 0.65373268 0.63456379]\n",
      " [0.82979829 0.11130603 0.72116223 0.62143625 0.50656204 0.64777585\n",
      "  0.32943614 0.98493021 0.51809221 0.63675469]\n",
      " [0.63228269 0.38208402 0.38229685 0.46275217 0.33094458 0.84206363\n",
      "  0.54939784 0.93506839 0.47890904 0.83044393]\n",
      " [0.27961153 0.81199062 0.17778537 0.6434086  0.06949998 0.73634416\n",
      "  0.37935549 0.35397201 0.00155026 0.64558495]\n",
      " [0.161509   0.77329168 0.52742314 0.72469133 0.81989865 0.33505266\n",
      "  0.37287101 0.1257106  0.14838817 0.19566357]\n",
      " [0.93869713 0.47243583 0.96919757 0.09458917 0.03532594 0.015329\n",
      "  0.72769505 0.35281606 0.52006163 0.28535792]\n",
      " [0.07230449 0.45929298 0.76305973 0.62834548 0.20435319 0.74835177\n",
      "  0.48755947 0.44210204 0.25989604 0.98046938]\n",
      " [0.61723333 0.19974896 0.77949859 0.59762253 0.81340129 0.05123711\n",
      "  0.14258311 0.73205119 0.41981149 0.63016755]\n",
      " [0.71668191 0.66578106 0.23359263 0.3539877  0.79990785 0.77941111\n",
      "  0.71691049 0.18670955 0.93333896 0.95346089]\n",
      " [0.44426187 0.99282559 0.21049779 0.38568059 0.59799997 0.65433827\n",
      "  0.86640185 0.97625163 0.15123202 0.90186896]]\n"
     ]
    }
   ],
   "source": [
    "#Transpose of random_matrix_A\n",
    "transpose_result_A= random_matrix_A.T\n",
    "print(\"\\nTranspose of Matrix A:\")\n",
    "print(transpose_result_A)\n",
    "\n",
    "#Transpose of random_matrix_B\n",
    "transpose_result_B= random_matrix_B.T\n",
    "print(\"\\nTranspose of Matrix B:\")\n",
    "print(transpose_result_B)"
   ]
  },
  {
   "cell_type": "markdown",
   "id": "e77bc9b2-7316-4583-885a-2efae334c4e8",
   "metadata": {},
   "source": [
    "### 1. Matrix is a two-dimensional array of numbers."
   ]
  },
  {
   "cell_type": "code",
   "execution_count": 91,
   "id": "e056a6ea-5bbf-4ead-b9a0-ed921eb1e1b8",
   "metadata": {},
   "outputs": [
    {
     "name": "stdout",
     "output_type": "stream",
     "text": [
      "3x2 Matrix:\n",
      "[[1 2]\n",
      " [3 4]\n",
      " [5 6]]\n"
     ]
    }
   ],
   "source": [
    "X = np.array([[1,2],[3,4],[5,6]])\n",
    "print(\"3x2 Matrix:\")\n",
    "print(X)"
   ]
  },
  {
   "cell_type": "markdown",
   "id": "04183220-25e8-40c3-b4da-cda4eae09115",
   "metadata": {},
   "source": [
    "### 2. Two matrices can be added if and only if they have the same dimensions.\n",
    "### Two matrices can be multiplied if and only if the number of columns of the first matrix matches the number of rows of the second matrix."
   ]
  },
  {
   "cell_type": "code",
   "execution_count": 67,
   "id": "3ecc39bf-0804-4929-a0c1-a62a71c3f4cf",
   "metadata": {},
   "outputs": [
    {
     "name": "stdout",
     "output_type": "stream",
     "text": [
      "Addition: [[ 6  6  6  6  6]\n",
      " [ 8  8  8  8  8]\n",
      " [10 10 10 10 10]\n",
      " [12 12 12 12 12]\n",
      " [14 14 14 14 14]]\n",
      "Multiplication [[115 100  85  70  55]\n",
      " [150 130 110  90  70]\n",
      " [185 160 135 110  85]\n",
      " [220 190 160 130 100]\n",
      " [255 220 185 150 115]]\n"
     ]
    }
   ],
   "source": [
    "A = np.array([[1,2,3,4,5],[2,3,4,5,6],[3,4,5,6,7],[4,5,6,7,8],[5,6,7,8,9]])\n",
    "B = np.array([[5,4,3,2,1],[6,5,4,3,2],[7,6,5,4,3],[8,7,6,5,4],[9,8,7,6,5]])\n",
    "\n",
    "add = A+B\n",
    "times = A@B\n",
    "\n",
    "print(\"Addition:\",add)\n",
    "print(\"Multiplication\",times)"
   ]
  },
  {
   "cell_type": "markdown",
   "id": "9a59e354-0463-4daf-a7d7-50ccf27f6ffa",
   "metadata": {},
   "source": [
    "### 3. Matrix transposition is interchanging a matrix rows into columns or columns into rows.\n",
    "### Example: A 3x2 matrix will become a 2x3 matrix."
   ]
  },
  {
   "cell_type": "code",
   "execution_count": 93,
   "id": "6a1c2f0a-0f0b-49d2-98fd-a7cacb5b465a",
   "metadata": {},
   "outputs": [
    {
     "name": "stdout",
     "output_type": "stream",
     "text": [
      "Matrix J:\n",
      " [[1 2]\n",
      " [3 4]\n",
      " [5 6]]\n",
      "Transpose of Matrix J:\n",
      " [[1 3 5]\n",
      " [2 4 6]]\n"
     ]
    }
   ],
   "source": [
    "J = np.array([[1,2],[3,4],[5,6]])\n",
    "print(\"Matrix J:\\n\",J)\n",
    "transpose_J = J.T\n",
    "print(\"Transpose of Matrix J:\\n\",transpose_J)"
   ]
  },
  {
   "cell_type": "markdown",
   "id": "5653557b-d495-4332-b63b-0d950df4a40d",
   "metadata": {},
   "source": [
    "### 4. "
   ]
  },
  {
   "cell_type": "code",
   "execution_count": 99,
   "id": "d5a2c4c4-1fce-4825-8d34-fe6836fcb93d",
   "metadata": {},
   "outputs": [
    {
     "name": "stdout",
     "output_type": "stream",
     "text": [
      "Random 5x5 matrix:\n",
      " [[0.2307699  0.78821223 0.39955148 0.61834188 0.33804441]\n",
      " [0.04363813 0.81265136 0.11031391 0.62453452 0.56536335]\n",
      " [0.65021091 0.91697091 0.21703638 0.75502347 0.14604562]\n",
      " [0.5512332  0.57032371 0.49091249 0.98500222 0.16613596]\n",
      " [0.45613809 0.8785757  0.82190409 0.18706266 0.10461385]]\n",
      "Sum of all Elements in the Matrix:\n",
      " 12.428610427433\n",
      "Transpose of Matrix M:\n",
      " [[0.2307699  0.04363813 0.65021091 0.5512332  0.45613809]\n",
      " [0.78821223 0.81265136 0.91697091 0.57032371 0.8785757 ]\n",
      " [0.39955148 0.11031391 0.21703638 0.49091249 0.82190409]\n",
      " [0.61834188 0.62453452 0.75502347 0.98500222 0.18706266]\n",
      " [0.33804441 0.56536335 0.14604562 0.16613596 0.10461385]]\n"
     ]
    }
   ],
   "source": [
    "M = np.random.rand(5,5)\n",
    "print(\"Random 5x5 matrix:\\n\",M)\n",
    "sum_elements = (np.sum(M))\n",
    "transpose_M = M.T\n",
    "print(\"Sum of all Elements in the Matrix:\\n\",sum_elements)\n",
    "print(\"Transpose of Matrix M:\\n\", transpose_M)"
   ]
  },
  {
   "cell_type": "markdown",
   "id": "8c18ef1c-9bef-4d41-9d83-9403441084f4",
   "metadata": {},
   "source": [
    "### 5. One possible application of each operation in computer science\n",
    "### Matrix Addition: Blending Images\n",
    "### Matrix Subtraction: Comparing Datasets\n",
    "### Matrix Multiplication: Machine Learning\n"
   ]
  },
  {
   "cell_type": "code",
   "execution_count": 73,
   "id": "89bf95c1-cb93-41ac-a08d-1f0cd30097af",
   "metadata": {},
   "outputs": [
    {
     "name": "stdout",
     "output_type": "stream",
     "text": [
      "Addition: \n",
      " [[1.15472313 0.518446   0.70683242 1.12601428 1.03870002 1.70147806\n",
      "  1.45785862 1.1200332  1.16466808 1.16643502]\n",
      " [1.49218178 1.11962385 0.94758903 1.13696192 1.17856871 0.66061971\n",
      "  0.92522996 0.24972729 0.39734603 1.20827586]\n",
      " [1.00753309 1.23948837 1.00417124 0.43987476 0.93133537 0.80345696\n",
      "  0.45468628 0.72860842 1.31968009 1.24598863]\n",
      " [0.28100654 0.63350281 0.99829021 0.42152638 0.4948028  0.84443961\n",
      "  0.90152315 1.22647883 0.84405212 1.70379426]\n",
      " [1.59287269 0.45417255 1.68281218 1.34347874 0.99388577 0.80507993\n",
      "  0.35293904 1.00563234 1.51416299 0.79358762]\n",
      " [0.30871119 0.8299866  0.75216851 1.54430413 0.82404151 1.46202894\n",
      "  1.24127102 1.59104327 1.49938796 1.20538257]\n",
      " [0.77095136 1.37121581 0.22957206 0.15620895 1.80495186 0.6683116\n",
      "  0.26499279 0.86026269 0.92989771 1.41017358]\n",
      " [1.4828755  1.14436943 0.21487816 1.14097162 1.1909894  0.87867262\n",
      "  1.66691032 0.9263731  0.47880375 0.92384305]\n",
      " [1.01033042 1.37512045 1.10681628 1.03088751 1.06218673 1.23626982\n",
      "  0.14180763 0.98176258 0.78631464 0.76601561]\n",
      " [1.73919198 0.81798627 0.35434537 0.97211014 0.83593448 1.23622647\n",
      "  0.10563752 0.44710397 1.18574848 0.52502023]] \n",
      "\n",
      " Subtraction:\n",
      " [[-0.15358439  0.27961429 -0.43687718 -0.73034514 -0.26598361 -0.22066725\n",
      "  -0.35952526 -0.14140748 -0.33557093 -0.09419599]\n",
      " [ 0.27084546  0.41211264  0.13254665 -0.6117944   0.73280226  0.61787324\n",
      "   0.08797788 -0.01916164  0.17219914  0.3394821 ]\n",
      " [ 0.22488662 -0.32979184  0.17806302  0.33281245 -0.05021333 -0.2115757\n",
      "   0.23370516 -0.06502157  0.29755173  0.58440561]\n",
      " [ 0.20106626  0.17894662 -0.32577412 -0.05266018  0.36038043 -0.68079234\n",
      "   0.19344827 -0.08285546 -0.40336247  0.23112173]\n",
      " [ 0.29373817  0.38730886 -0.02687619  0.14563191 -0.69900555 -0.05042467\n",
      "   0.13665427 -0.21602272  0.47398301  0.67423951]\n",
      " [ 0.28193187 -0.31099541 -0.15406989 -0.28458703 -0.75902811  0.00835887\n",
      "  -0.56841953  0.24195083 -0.19957347  0.5612237 ]\n",
      " [-0.01253824 -0.03398746 -0.19689397 -0.03015293  0.09183765  0.63551963\n",
      "   0.09257056  0.59785277 -0.83696907  0.28006451]\n",
      " [-0.22314842 -0.51822319  0.10079423 -0.01818554 -0.16339925  0.44447627\n",
      "   0.23297266  0.58470913  0.47613127  0.55604279]\n",
      " [ 0.66756875 -0.47039979 -0.06379141  0.82562038 -0.32261023 -0.50905889\n",
      "  -0.08160675 -0.92499024  0.03761643  0.28285772]\n",
      " [ 0.23718494 -0.32171619 -0.30592482  0.76444941 -0.10367967 -0.25349871\n",
      "  -0.015986    0.40134818 -0.42665732  0.38569052]] \n",
      "\n",
      "Multiplication:\n",
      "[[1.99892735 2.26776532 1.86600069 2.20909096 2.74876564 2.28873563\n",
      "  1.89567316 1.85100931 2.5158943  1.47848994]\n",
      " [2.82230218 2.41181761 2.85650224 2.959568   3.41612304 3.06961328\n",
      "  2.16124402 2.43549072 3.40552444 1.95340665]\n",
      " [2.46151216 2.75500808 2.41613026 2.02977867 2.93594994 3.06514999\n",
      "  1.68141503 2.2997252  2.88208279 1.70222094]\n",
      " [2.29011    2.15386365 1.56469628 1.47705646 2.31516634 1.84004567\n",
      "  1.15242958 1.17891583 2.15219621 1.16244167]\n",
      " [2.48279517 3.13626101 2.74166691 2.32750408 3.09912383 3.74479941\n",
      "  2.20560043 2.87617959 3.22030276 2.23200738]\n",
      " [2.21313254 3.02668526 1.97207823 2.07906276 2.82282511 2.89933002\n",
      "  2.11419361 2.10846834 2.69170711 1.67749303]\n",
      " [2.62463121 1.96871588 2.02983449 2.64829192 2.80349389 2.14586088\n",
      "  1.93575349 1.60749952 2.31206734 1.1530366 ]\n",
      " [2.68416679 2.98975774 2.4330175  2.56486487 3.55797322 2.96832676\n",
      "  2.29572031 2.35546098 3.38324369 2.0849424 ]\n",
      " [1.81175956 1.82391877 2.39721611 2.09219291 2.1438855  2.96779324\n",
      "  1.80783028 2.28930158 2.63057124 1.87878799]\n",
      " [1.87298874 1.70854741 2.19291348 2.34623053 2.27142553 2.90645456\n",
      "  2.1742257  2.24038065 2.48030044 1.78487726]]\n"
     ]
    }
   ],
   "source": [
    "D = np.random.rand(10,10)\n",
    "E = np.random.rand(10,10)\n",
    "\n",
    "#a\n",
    "addition = D + E\n",
    "#b\n",
    "subtraction = D - E\n",
    "#c\n",
    "multiplication = D@E\n",
    "\n",
    "print(f\"Addition: \\n {addition} \\n\\n Subtraction:\\n {subtraction} \\n\\nMultiplication:\\n{multiplication}\")\n"
   ]
  }
 ],
 "metadata": {
  "kernelspec": {
   "display_name": "Python 3 (ipykernel)",
   "language": "python",
   "name": "python3"
  },
  "language_info": {
   "codemirror_mode": {
    "name": "ipython",
    "version": 3
   },
   "file_extension": ".py",
   "mimetype": "text/x-python",
   "name": "python",
   "nbconvert_exporter": "python",
   "pygments_lexer": "ipython3",
   "version": "3.12.7"
  }
 },
 "nbformat": 4,
 "nbformat_minor": 5
}
